181.472368639318
190.579193707562
112.698681629351
191.337585613902
163.235924622541
109.754040499941
127.849821886705
154.688151920498
195.750683543430
196.488853519928
115.761308167755
197.059278176062
195.716694824295
148.537564872284
180.028046888880
114.188633862722
142.176128262628
191.573552518907
179.220732955955
195.949242639290
165.574069915659
103.571167857419
184.912930586878
193.399324775755
167.873515485777
175.774013057833
174.313246812492
139.222701953417
165.547789017756
117.118668781156